150 216 
157 203 
170 193 
200 171 
211 162 
237 141 
286 128 
321 115 
364 102 
380 97 
390 97 
403 97 
425 104 
481 108 
516 121 
535 121 
546 128 
568 143 
585 162 
611 184 
631 195 
644 203 
661 240 
665 253 
674 270 
687 294 
698 307 
693 307 
700 342 
713 366 
715 409 
711 431 
711 472 
704 491 
696 534 
672 563 
661 573 
631 623 
615 645 
596 667 
566 673 
546 682 
522 699 
494 727 
462 734 
401 736 
377 738 
345 731 
336 729 
319 716 
299 710 
280 703 
247 697 
217 684 
198 667 
178 636 
157 632 
146 608 
128 582 
126 558 
122 545 
111 532 
100 504 
92 487 
92 485 
92 472 
94 426 
94 407 
92 379 
89 364 
96 322 
102 296 
111 273 
122 238 
139 218 
