174 6 
173 12 
169 24 
168 36 
166 43 
162 48 
157 65 
157 83 
158 98 
158 100 
153 123 
155 134 
157 151 
162 168 
160 196 
160 215 
163 226 
160 252 
159 266 
159 287 
161 306 
164 319 
157 348 
167 353 
173 359 
189 366 
205 364 
212 358 
220 345 
220 339 
217 320 
214 311 
214 291 
215 279 
230 262 
230 262 
215 260 
213 239 
213 230 
219 214 
231 186 
223 180 
221 167 
217 148 
217 128 
221 115 
221 115 
216 96 
216 78 
220 65 
220 44 
222 41 
222 32 
217 14 
213 11 
208 7 
203 5 
196 2 
190 3 
184 2 
180 4 
