122 115 
120 112 
117 108 
117 106 
115 96 
117 94 
118 93 
121 89 
123 86 
126 86 
129 84 
130 84 
135 81 
136 81 
142 81 
144 81 
145 81 
148 80 
151 78 
155 77 
160 75 
162 81 
166 81 
174 80 
177 81 
183 82 
192 85 
192 85 
196 86 
200 86 
204 88 
207 89 
212 89 
216 89 
221 89 
224 90 
230 92 
239 94 
239 97 
250 104 
256 101 
259 98 
270 98 
275 100 
277 107 
278 111 
294 110 
301 108 
304 112 
320 120 
320 120 
324 125 
330 134 
331 137 
332 141 
320 145 
313 146 
306 148 
292 154 
282 158 
270 162 
264 164 
259 169 
247 176 
244 182 
245 187 
236 190 
228 193 
219 193 
213 196 
205 197 
194 197 
189 195 
184 193 
183 192 
177 190 
174 188 
172 187 
171 185 
170 184 
166 180 
163 178 
161 175 
159 175 
157 173 
154 169 
150 166 
144 164 
142 160 
138 151 
136 151 
131 147 
128 146 
126 141 
125 133 
122 128 
120 124 
119 116 
121 108 
