113 273 
135 225 
154 208 
165 175 
187 164 
198 156 
226 143 
263 106 
282 102 
299 95 
336 82 
371 73 
425 78 
468 97 
490 97 
522 104 
555 121 
576 130 
613 149 
641 171 
644 173 
657 212 
667 227 
680 257 
704 281 
700 316 
700 322 
715 372 
715 392 
717 435 
715 439 
715 491 
711 526 
689 563 
665 589 
652 641 
611 671 
570 714 
505 725 
468 736 
431 768 
386 749 
421 751 
325 742 
304 725 
267 725 
234 714 
200 684 
176 671 
172 664 
146 621 
122 608 
109 589 
87 547 
74 511 
74 489 
74 450 
70 413 
68 381 
68 338 
85 286 
98 266 
98 268 
161 193 
206 160 
243 125 
263 108 
